   0   10  100
   1   11  101
   2   12  102
   3   13  103
   4   14  104
   5   15  105
   6   16  106
   7   17  107
   8   18  108
   9   19  109
  10   20  110
  11   21  111
  12   22  112
  13   23  113
  14   24  114
  15   25  115
  16   26  116
  17   27  117
  18   28  118
  19   29  119
  20   30  120
  21   31  121
  22   32  122
  23   33  123
  24   34  124
  25   35  125
  26   36  126
  27   37  127
  28   38  128
  29   39  129
  30   40  130
  31   41  131
  32   42  132
  33   43  133
  34   44  134
  35   45  135
  36   46  136
  37   47  137
  38   48  138
  39   49  139
  40   50  140
  41   51  141
  42   52  142
  43   53  143
  44   54  144
  45   55  145
  46   56  146
  47   57  147
  48   58  148
  49   59  149
  50   60  150
  51   61  151
  52   62  152
  53   63  153
  54   64  154
  55   65  155
  56   66  156
  57   67  157
  58   68  158
  59   69  159
  60   70  160
  61   71  161
  62   72  162
  63   73  163
  64   74  164
  65   75  165
  66   76  166
  67   77  167
  68   78  168
  69   79  169
  70   80  170
  71   81  171
  72   82  172
  73   83  173
  74   84  174
  75   85  175
  76   86  176
  77   87  177
  78   88  178
  79   89  179
  80   90  180
  81   91  181
  82   92  182
  83   93  183
  84   94  184
  85   95  185
  86   96  186
  87   97  187
  88   98  188
  89   99  189
  90  100  190
  91  101  191
  92  102  192
  93  103  193
  94  104  194
  95  105  195
  96  106  196
  97  107  197
  98  108  198
  99  109  199
